(kicad_pcb (version 20171130) (host pcbnew 5.1.10-88a1d61d58~90~ubuntu20.04.1)

  (general
    (thickness 1.6)
    (drawings 14)
    (tracks 294)
    (zones 0)
    (modules 15)
    (nets 47)
  )

  (page A4)
  (layers
    (0 F.Cu signal)
    (31 B.Cu signal)
    (32 B.Adhes user)
    (33 F.Adhes user)
    (34 B.Paste user)
    (35 F.Paste user)
    (36 B.SilkS user)
    (37 F.SilkS user)
    (38 B.Mask user)
    (39 F.Mask user)
    (40 Dwgs.User user)
    (41 Cmts.User user)
    (42 Eco1.User user)
    (43 Eco2.User user)
    (44 Edge.Cuts user)
    (45 Margin user)
    (46 B.CrtYd user)
    (47 F.CrtYd user)
    (48 B.Fab user)
    (49 F.Fab user)
  )

  (setup
    (last_trace_width 0.2)
    (user_trace_width 0.127)
    (user_trace_width 0.18)
    (trace_clearance 0.2)
    (zone_clearance 0.1)
    (zone_45_only no)
    (trace_min 0.127)
    (via_size 0.6)
    (via_drill 0.3)
    (via_min_size 0.6)
    (via_min_drill 0.3)
    (user_via 0.6 0.3)
    (uvia_size 0.3)
    (uvia_drill 0.1)
    (uvias_allowed no)
    (uvia_min_size 0.2)
    (uvia_min_drill 0.1)
    (edge_width 0.05)
    (segment_width 0.2)
    (pcb_text_width 0.3)
    (pcb_text_size 1.5 1.5)
    (mod_edge_width 0.12)
    (mod_text_size 1 1)
    (mod_text_width 0.15)
    (pad_size 1 1.6)
    (pad_drill 0.6)
    (pad_to_mask_clearance 0)
    (aux_axis_origin 0 0)
    (visible_elements FFFFFF7F)
    (pcbplotparams
      (layerselection 0x010fc_ffffffff)
      (usegerberextensions false)
      (usegerberattributes true)
      (usegerberadvancedattributes true)
      (creategerberjobfile true)
      (excludeedgelayer true)
      (linewidth 0.100000)
      (plotframeref false)
      (viasonmask false)
      (mode 1)
      (useauxorigin false)
      (hpglpennumber 1)
      (hpglpenspeed 20)
      (hpglpendiameter 15.000000)
      (psnegative false)
      (psa4output false)
      (plotreference true)
      (plotvalue true)
      (plotinvisibletext false)
      (padsonsilk false)
      (subtractmaskfromsilk false)
      (outputformat 1)
      (mirror false)
      (drillshape 1)
      (scaleselection 1)
      (outputdirectory ""))
  )

  (net 0 "")
  (net 1 GND)
  (net 2 "Net-(C1-Pad1)")
  (net 3 "Net-(C4-Pad2)")
  (net 4 "Net-(C8-Pad2)")
  (net 5 D3)
  (net 6 D2)
  (net 7 D1)
  (net 8 D0)
  (net 9 D4)
  (net 10 C6)
  (net 11 D7)
  (net 12 E6)
  (net 13 B4)
  (net 14 B5)
  (net 15 +5V)
  (net 16 RESET)
  (net 17 F4)
  (net 18 F5)
  (net 19 F6)
  (net 20 F7)
  (net 21 B1)
  (net 22 B3)
  (net 23 B2)
  (net 24 B6)
  (net 25 "Net-(J3-PadB8)")
  (net 26 "Net-(J3-PadA5)")
  (net 27 "Net-(J3-PadA7)")
  (net 28 "Net-(J3-PadA6)")
  (net 29 "Net-(J3-PadA8)")
  (net 30 "Net-(J3-PadB5)")
  (net 31 "Net-(R3-Pad2)")
  (net 32 "Net-(R5-Pad1)")
  (net 33 "Net-(R6-Pad2)")
  (net 34 "Net-(U3-Pad42)")
  (net 35 "Net-(U3-Pad41)")
  (net 36 "Net-(U3-Pad40)")
  (net 37 "Net-(U3-Pad32)")
  (net 38 "Net-(U3-Pad26)")
  (net 39 "Net-(U3-Pad22)")
  (net 40 "Net-(U3-Pad17)")
  (net 41 "Net-(U3-Pad16)")
  (net 42 "Net-(U3-Pad12)")
  (net 43 "Net-(U3-Pad8)")
  (net 44 D-)
  (net 45 D+)
  (net 46 "Net-(J3-PadB7)")

  (net_class Default "This is the default net class."
    (clearance 0.2)
    (trace_width 0.2)
    (via_dia 0.6)
    (via_drill 0.3)
    (uvia_dia 0.3)
    (uvia_drill 0.1)
    (add_net +5V)
    (add_net B1)
    (add_net B2)
    (add_net B3)
    (add_net B4)
    (add_net B5)
    (add_net B6)
    (add_net C6)
    (add_net D+)
    (add_net D-)
    (add_net D0)
    (add_net D1)
    (add_net D2)
    (add_net D3)
    (add_net D4)
    (add_net D7)
    (add_net E6)
    (add_net F4)
    (add_net F5)
    (add_net F6)
    (add_net F7)
    (add_net GND)
    (add_net "Net-(C1-Pad1)")
    (add_net "Net-(C4-Pad2)")
    (add_net "Net-(C8-Pad2)")
    (add_net "Net-(J3-PadA5)")
    (add_net "Net-(J3-PadA6)")
    (add_net "Net-(J3-PadA7)")
    (add_net "Net-(J3-PadA8)")
    (add_net "Net-(J3-PadB5)")
    (add_net "Net-(J3-PadB7)")
    (add_net "Net-(J3-PadB8)")
    (add_net "Net-(R3-Pad2)")
    (add_net "Net-(R5-Pad1)")
    (add_net "Net-(R6-Pad2)")
    (add_net "Net-(U3-Pad12)")
    (add_net "Net-(U3-Pad16)")
    (add_net "Net-(U3-Pad17)")
    (add_net "Net-(U3-Pad22)")
    (add_net "Net-(U3-Pad26)")
    (add_net "Net-(U3-Pad32)")
    (add_net "Net-(U3-Pad40)")
    (add_net "Net-(U3-Pad41)")
    (add_net "Net-(U3-Pad42)")
    (add_net "Net-(U3-Pad8)")
    (add_net RESET)
  )

  (module Package_QFP:TQFP-44_10x10mm_P0.8mm (layer F.Cu) (tedit 5A02F146) (tstamp 60FFD94D)
    (at 149.987 103.251 270)
    (descr "44-Lead Plastic Thin Quad Flatpack (PT) - 10x10x1.0 mm Body [TQFP] (see Microchip Packaging Specification 00000049BS.pdf)")
    (tags "QFP 0.8")
    (path /60FFCB9D)
    (attr smd)
    (fp_text reference U3 (at 0 -7.45 90) (layer F.SilkS)
      (effects (font (size 1 1) (thickness 0.15)))
    )
    (fp_text value ATmega32U4RC-AU (at 0 7.45 90) (layer F.Fab)
      (effects (font (size 1 1) (thickness 0.15)))
    )
    (fp_line (start -5.175 -4.6) (end -6.45 -4.6) (layer F.SilkS) (width 0.15))
    (fp_line (start 5.175 -5.175) (end 4.5 -5.175) (layer F.SilkS) (width 0.15))
    (fp_line (start 5.175 5.175) (end 4.5 5.175) (layer F.SilkS) (width 0.15))
    (fp_line (start -5.175 5.175) (end -4.5 5.175) (layer F.SilkS) (width 0.15))
    (fp_line (start -5.175 -5.175) (end -4.5 -5.175) (layer F.SilkS) (width 0.15))
    (fp_line (start -5.175 5.175) (end -5.175 4.5) (layer F.SilkS) (width 0.15))
    (fp_line (start 5.175 5.175) (end 5.175 4.5) (layer F.SilkS) (width 0.15))
    (fp_line (start 5.175 -5.175) (end 5.175 -4.5) (layer F.SilkS) (width 0.15))
    (fp_line (start -5.175 -5.175) (end -5.175 -4.6) (layer F.SilkS) (width 0.15))
    (fp_line (start -6.7 6.7) (end 6.7 6.7) (layer F.CrtYd) (width 0.05))
    (fp_line (start -6.7 -6.7) (end 6.7 -6.7) (layer F.CrtYd) (width 0.05))
    (fp_line (start 6.7 -6.7) (end 6.7 6.7) (layer F.CrtYd) (width 0.05))
    (fp_line (start -6.7 -6.7) (end -6.7 6.7) (layer F.CrtYd) (width 0.05))
    (fp_line (start -5 -4) (end -4 -5) (layer F.Fab) (width 0.15))
    (fp_line (start -5 5) (end -5 -4) (layer F.Fab) (width 0.15))
    (fp_line (start 5 5) (end -5 5) (layer F.Fab) (width 0.15))
    (fp_line (start 5 -5) (end 5 5) (layer F.Fab) (width 0.15))
    (fp_line (start -4 -5) (end 5 -5) (layer F.Fab) (width 0.15))
    (fp_text user %R (at 0 0 90) (layer F.Fab)
      (effects (font (size 1 1) (thickness 0.15)))
    )
    (pad 44 smd rect (at -4 -5.7) (size 1.5 0.55) (layers F.Cu F.Paste F.Mask)
      (net 3 "Net-(C4-Pad2)"))
    (pad 43 smd rect (at -3.2 -5.7) (size 1.5 0.55) (layers F.Cu F.Paste F.Mask)
      (net 1 GND))
    (pad 42 smd rect (at -2.4 -5.7) (size 1.5 0.55) (layers F.Cu F.Paste F.Mask)
      (net 34 "Net-(U3-Pad42)"))
    (pad 41 smd rect (at -1.6 -5.7) (size 1.5 0.55) (layers F.Cu F.Paste F.Mask)
      (net 35 "Net-(U3-Pad41)"))
    (pad 40 smd rect (at -0.8 -5.7) (size 1.5 0.55) (layers F.Cu F.Paste F.Mask)
      (net 36 "Net-(U3-Pad40)"))
    (pad 39 smd rect (at 0 -5.7) (size 1.5 0.55) (layers F.Cu F.Paste F.Mask)
      (net 17 F4))
    (pad 38 smd rect (at 0.8 -5.7) (size 1.5 0.55) (layers F.Cu F.Paste F.Mask)
      (net 18 F5))
    (pad 37 smd rect (at 1.6 -5.7) (size 1.5 0.55) (layers F.Cu F.Paste F.Mask)
      (net 19 F6))
    (pad 36 smd rect (at 2.4 -5.7) (size 1.5 0.55) (layers F.Cu F.Paste F.Mask)
      (net 20 F7))
    (pad 35 smd rect (at 3.2 -5.7) (size 1.5 0.55) (layers F.Cu F.Paste F.Mask)
      (net 1 GND))
    (pad 34 smd rect (at 4 -5.7) (size 1.5 0.55) (layers F.Cu F.Paste F.Mask)
      (net 3 "Net-(C4-Pad2)"))
    (pad 33 smd rect (at 5.7 -4 270) (size 1.5 0.55) (layers F.Cu F.Paste F.Mask)
      (net 31 "Net-(R3-Pad2)"))
    (pad 32 smd rect (at 5.7 -3.2 270) (size 1.5 0.55) (layers F.Cu F.Paste F.Mask)
      (net 37 "Net-(U3-Pad32)"))
    (pad 31 smd rect (at 5.7 -2.4 270) (size 1.5 0.55) (layers F.Cu F.Paste F.Mask)
      (net 10 C6))
    (pad 30 smd rect (at 5.7 -1.6 270) (size 1.5 0.55) (layers F.Cu F.Paste F.Mask)
      (net 24 B6))
    (pad 29 smd rect (at 5.7 -0.8 270) (size 1.5 0.55) (layers F.Cu F.Paste F.Mask)
      (net 14 B5))
    (pad 28 smd rect (at 5.7 0 270) (size 1.5 0.55) (layers F.Cu F.Paste F.Mask)
      (net 13 B4))
    (pad 27 smd rect (at 5.7 0.8 270) (size 1.5 0.55) (layers F.Cu F.Paste F.Mask)
      (net 11 D7))
    (pad 26 smd rect (at 5.7 1.6 270) (size 1.5 0.55) (layers F.Cu F.Paste F.Mask)
      (net 38 "Net-(U3-Pad26)"))
    (pad 25 smd rect (at 5.7 2.4 270) (size 1.5 0.55) (layers F.Cu F.Paste F.Mask)
      (net 9 D4))
    (pad 24 smd rect (at 5.7 3.2 270) (size 1.5 0.55) (layers F.Cu F.Paste F.Mask)
      (net 3 "Net-(C4-Pad2)"))
    (pad 23 smd rect (at 5.7 4 270) (size 1.5 0.55) (layers F.Cu F.Paste F.Mask)
      (net 1 GND))
    (pad 22 smd rect (at 4 5.7) (size 1.5 0.55) (layers F.Cu F.Paste F.Mask)
      (net 39 "Net-(U3-Pad22)"))
    (pad 21 smd rect (at 3.2 5.7) (size 1.5 0.55) (layers F.Cu F.Paste F.Mask)
      (net 5 D3))
    (pad 20 smd rect (at 2.4 5.7) (size 1.5 0.55) (layers F.Cu F.Paste F.Mask)
      (net 6 D2))
    (pad 19 smd rect (at 1.6 5.7) (size 1.5 0.55) (layers F.Cu F.Paste F.Mask)
      (net 7 D1))
    (pad 18 smd rect (at 0.8 5.7) (size 1.5 0.55) (layers F.Cu F.Paste F.Mask)
      (net 8 D0))
    (pad 17 smd rect (at 0 5.7) (size 1.5 0.55) (layers F.Cu F.Paste F.Mask)
      (net 40 "Net-(U3-Pad17)"))
    (pad 16 smd rect (at -0.8 5.7) (size 1.5 0.55) (layers F.Cu F.Paste F.Mask)
      (net 41 "Net-(U3-Pad16)"))
    (pad 15 smd rect (at -1.6 5.7) (size 1.5 0.55) (layers F.Cu F.Paste F.Mask)
      (net 1 GND))
    (pad 14 smd rect (at -2.4 5.7) (size 1.5 0.55) (layers F.Cu F.Paste F.Mask)
      (net 3 "Net-(C4-Pad2)"))
    (pad 13 smd rect (at -3.2 5.7) (size 1.5 0.55) (layers F.Cu F.Paste F.Mask)
      (net 16 RESET))
    (pad 12 smd rect (at -4 5.7) (size 1.5 0.55) (layers F.Cu F.Paste F.Mask)
      (net 42 "Net-(U3-Pad12)"))
    (pad 11 smd rect (at -5.7 4 270) (size 1.5 0.55) (layers F.Cu F.Paste F.Mask)
      (net 22 B3))
    (pad 10 smd rect (at -5.7 3.2 270) (size 1.5 0.55) (layers F.Cu F.Paste F.Mask)
      (net 23 B2))
    (pad 9 smd rect (at -5.7 2.4 270) (size 1.5 0.55) (layers F.Cu F.Paste F.Mask)
      (net 21 B1))
    (pad 8 smd rect (at -5.7 1.6 270) (size 1.5 0.55) (layers F.Cu F.Paste F.Mask)
      (net 43 "Net-(U3-Pad8)"))
    (pad 7 smd rect (at -5.7 0.8 270) (size 1.5 0.55) (layers F.Cu F.Paste F.Mask)
      (net 15 +5V))
    (pad 6 smd rect (at -5.7 0 270) (size 1.5 0.55) (layers F.Cu F.Paste F.Mask)
      (net 2 "Net-(C1-Pad1)"))
    (pad 5 smd rect (at -5.7 -0.8 270) (size 1.5 0.55) (layers F.Cu F.Paste F.Mask)
      (net 1 GND))
    (pad 4 smd rect (at -5.7 -1.6 270) (size 1.5 0.55) (layers F.Cu F.Paste F.Mask)
      (net 45 D+))
    (pad 3 smd rect (at -5.7 -2.4 270) (size 1.5 0.55) (layers F.Cu F.Paste F.Mask)
      (net 44 D-))
    (pad 2 smd rect (at -5.7 -3.2 270) (size 1.5 0.55) (layers F.Cu F.Paste F.Mask)
      (net 4 "Net-(C8-Pad2)"))
    (pad 1 smd rect (at -5.7 -4 270) (size 1.5 0.55) (layers F.Cu F.Paste F.Mask)
      (net 12 E6))
    (model ${KISYS3DMOD}/Package_QFP.3dshapes/TQFP-44_10x10mm_P0.8mm.wrl
      (at (xyz 0 0 0))
      (scale (xyz 1 1 1))
      (rotate (xyz 0 0 0))
    )
  )

  (module Resistor_SMD:R_0603_1608Metric (layer F.Cu) (tedit 5F68FEEE) (tstamp 61004824)
    (at 150.2664 92.3544 180)
    (descr "Resistor SMD 0603 (1608 Metric), square (rectangular) end terminal, IPC_7351 nominal, (Body size source: IPC-SM-782 page 72, https://www.pcb-3d.com/wordpress/wp-content/uploads/ipc-sm-782a_amendment_1_and_2.pdf), generated with kicad-footprint-generator")
    (tags resistor)
    (path /6102E257)
    (attr smd)
    (fp_text reference R7 (at 0 -1.43) (layer F.SilkS)
      (effects (font (size 1 1) (thickness 0.15)))
    )
    (fp_text value 0 (at 0 1.43) (layer F.Fab)
      (effects (font (size 1 1) (thickness 0.15)))
    )
    (fp_text user %R (at 0 0) (layer F.Fab)
      (effects (font (size 0.4 0.4) (thickness 0.06)))
    )
    (fp_line (start -0.8 0.4125) (end -0.8 -0.4125) (layer F.Fab) (width 0.1))
    (fp_line (start -0.8 -0.4125) (end 0.8 -0.4125) (layer F.Fab) (width 0.1))
    (fp_line (start 0.8 -0.4125) (end 0.8 0.4125) (layer F.Fab) (width 0.1))
    (fp_line (start 0.8 0.4125) (end -0.8 0.4125) (layer F.Fab) (width 0.1))
    (fp_line (start -0.237258 -0.5225) (end 0.237258 -0.5225) (layer F.SilkS) (width 0.12))
    (fp_line (start -0.237258 0.5225) (end 0.237258 0.5225) (layer F.SilkS) (width 0.12))
    (fp_line (start -1.48 0.73) (end -1.48 -0.73) (layer F.CrtYd) (width 0.05))
    (fp_line (start -1.48 -0.73) (end 1.48 -0.73) (layer F.CrtYd) (width 0.05))
    (fp_line (start 1.48 -0.73) (end 1.48 0.73) (layer F.CrtYd) (width 0.05))
    (fp_line (start 1.48 0.73) (end -1.48 0.73) (layer F.CrtYd) (width 0.05))
    (pad 2 smd roundrect (at 0.825 0 180) (size 0.8 0.95) (layers F.Cu F.Paste F.Mask) (roundrect_rratio 0.25)
      (net 27 "Net-(J3-PadA7)"))
    (pad 1 smd roundrect (at -0.825 0 180) (size 0.8 0.95) (layers F.Cu F.Paste F.Mask) (roundrect_rratio 0.25)
      (net 46 "Net-(J3-PadB7)"))
    (model ${KISYS3DMOD}/Resistor_SMD.3dshapes/R_0603_1608Metric.wrl
      (at (xyz 0 0 0))
      (scale (xyz 1 1 1))
      (rotate (xyz 0 0 0))
    )
  )

  (module Resistor_SMD:R_0603_1608Metric (layer F.Cu) (tedit 5F68FEEE) (tstamp 61006BA4)
    (at 150.2664 93.726)
    (descr "Resistor SMD 0603 (1608 Metric), square (rectangular) end terminal, IPC_7351 nominal, (Body size source: IPC-SM-782 page 72, https://www.pcb-3d.com/wordpress/wp-content/uploads/ipc-sm-782a_amendment_1_and_2.pdf), generated with kicad-footprint-generator")
    (tags resistor)
    (path /61409009)
    (attr smd)
    (fp_text reference R6 (at 0 -1.43) (layer F.SilkS)
      (effects (font (size 1 1) (thickness 0.15)))
    )
    (fp_text value 22 (at 0 1.43) (layer F.Fab)
      (effects (font (size 1 1) (thickness 0.15)))
    )
    (fp_line (start 1.48 0.73) (end -1.48 0.73) (layer F.CrtYd) (width 0.05))
    (fp_line (start 1.48 -0.73) (end 1.48 0.73) (layer F.CrtYd) (width 0.05))
    (fp_line (start -1.48 -0.73) (end 1.48 -0.73) (layer F.CrtYd) (width 0.05))
    (fp_line (start -1.48 0.73) (end -1.48 -0.73) (layer F.CrtYd) (width 0.05))
    (fp_line (start -0.237258 0.5225) (end 0.237258 0.5225) (layer F.SilkS) (width 0.12))
    (fp_line (start -0.237258 -0.5225) (end 0.237258 -0.5225) (layer F.SilkS) (width 0.12))
    (fp_line (start 0.8 0.4125) (end -0.8 0.4125) (layer F.Fab) (width 0.1))
    (fp_line (start 0.8 -0.4125) (end 0.8 0.4125) (layer F.Fab) (width 0.1))
    (fp_line (start -0.8 -0.4125) (end 0.8 -0.4125) (layer F.Fab) (width 0.1))
    (fp_line (start -0.8 0.4125) (end -0.8 -0.4125) (layer F.Fab) (width 0.1))
    (fp_text user %R (at 0 0) (layer F.Fab)
      (effects (font (size 0.4 0.4) (thickness 0.06)))
    )
    (pad 1 smd roundrect (at -0.825 0) (size 0.8 0.95) (layers F.Cu F.Paste F.Mask) (roundrect_rratio 0.25)
      (net 28 "Net-(J3-PadA6)"))
    (pad 2 smd roundrect (at 0.825 0) (size 0.8 0.95) (layers F.Cu F.Paste F.Mask) (roundrect_rratio 0.25)
      (net 33 "Net-(R6-Pad2)"))
    (model ${KISYS3DMOD}/Resistor_SMD.3dshapes/R_0603_1608Metric.wrl
      (at (xyz 0 0 0))
      (scale (xyz 1 1 1))
      (rotate (xyz 0 0 0))
    )
  )

  (module Resistor_SMD:R_0603_1608Metric (layer F.Cu) (tedit 5F68FEEE) (tstamp 61006CE8)
    (at 150.2664 95.0976 180)
    (descr "Resistor SMD 0603 (1608 Metric), square (rectangular) end terminal, IPC_7351 nominal, (Body size source: IPC-SM-782 page 72, https://www.pcb-3d.com/wordpress/wp-content/uploads/ipc-sm-782a_amendment_1_and_2.pdf), generated with kicad-footprint-generator")
    (tags resistor)
    (path /61406714)
    (attr smd)
    (fp_text reference R5 (at 0 -1.43) (layer F.SilkS)
      (effects (font (size 1 1) (thickness 0.15)))
    )
    (fp_text value 22 (at 0 1.43) (layer F.Fab)
      (effects (font (size 1 1) (thickness 0.15)))
    )
    (fp_line (start 1.48 0.73) (end -1.48 0.73) (layer F.CrtYd) (width 0.05))
    (fp_line (start 1.48 -0.73) (end 1.48 0.73) (layer F.CrtYd) (width 0.05))
    (fp_line (start -1.48 -0.73) (end 1.48 -0.73) (layer F.CrtYd) (width 0.05))
    (fp_line (start -1.48 0.73) (end -1.48 -0.73) (layer F.CrtYd) (width 0.05))
    (fp_line (start -0.237258 0.5225) (end 0.237258 0.5225) (layer F.SilkS) (width 0.12))
    (fp_line (start -0.237258 -0.5225) (end 0.237258 -0.5225) (layer F.SilkS) (width 0.12))
    (fp_line (start 0.8 0.4125) (end -0.8 0.4125) (layer F.Fab) (width 0.1))
    (fp_line (start 0.8 -0.4125) (end 0.8 0.4125) (layer F.Fab) (width 0.1))
    (fp_line (start -0.8 -0.4125) (end 0.8 -0.4125) (layer F.Fab) (width 0.1))
    (fp_line (start -0.8 0.4125) (end -0.8 -0.4125) (layer F.Fab) (width 0.1))
    (fp_text user %R (at 0 0) (layer F.Fab)
      (effects (font (size 0.4 0.4) (thickness 0.06)))
    )
    (pad 1 smd roundrect (at -0.825 0 180) (size 0.8 0.95) (layers F.Cu F.Paste F.Mask) (roundrect_rratio 0.25)
      (net 32 "Net-(R5-Pad1)"))
    (pad 2 smd roundrect (at 0.825 0 180) (size 0.8 0.95) (layers F.Cu F.Paste F.Mask) (roundrect_rratio 0.25)
      (net 46 "Net-(J3-PadB7)"))
    (model ${KISYS3DMOD}/Resistor_SMD.3dshapes/R_0603_1608Metric.wrl
      (at (xyz 0 0 0))
      (scale (xyz 1 1 1))
      (rotate (xyz 0 0 0))
    )
  )

  (module Resistor_SMD:R_0603_1608Metric (layer F.Cu) (tedit 5F68FEEE) (tstamp 6100B07F)
    (at 144.3482 97.3074 90)
    (descr "Resistor SMD 0603 (1608 Metric), square (rectangular) end terminal, IPC_7351 nominal, (Body size source: IPC-SM-782 page 72, https://www.pcb-3d.com/wordpress/wp-content/uploads/ipc-sm-782a_amendment_1_and_2.pdf), generated with kicad-footprint-generator")
    (tags resistor)
    (path /613B933E)
    (attr smd)
    (fp_text reference R4 (at 0 -1.43 90) (layer F.SilkS)
      (effects (font (size 1 1) (thickness 0.15)))
    )
    (fp_text value 10k (at 0 1.43 90) (layer F.Fab)
      (effects (font (size 1 1) (thickness 0.15)))
    )
    (fp_text user %R (at 0 0 90) (layer F.Fab)
      (effects (font (size 0.4 0.4) (thickness 0.06)))
    )
    (fp_line (start -0.8 0.4125) (end -0.8 -0.4125) (layer F.Fab) (width 0.1))
    (fp_line (start -0.8 -0.4125) (end 0.8 -0.4125) (layer F.Fab) (width 0.1))
    (fp_line (start 0.8 -0.4125) (end 0.8 0.4125) (layer F.Fab) (width 0.1))
    (fp_line (start 0.8 0.4125) (end -0.8 0.4125) (layer F.Fab) (width 0.1))
    (fp_line (start -0.237258 -0.5225) (end 0.237258 -0.5225) (layer F.SilkS) (width 0.12))
    (fp_line (start -0.237258 0.5225) (end 0.237258 0.5225) (layer F.SilkS) (width 0.12))
    (fp_line (start -1.48 0.73) (end -1.48 -0.73) (layer F.CrtYd) (width 0.05))
    (fp_line (start -1.48 -0.73) (end 1.48 -0.73) (layer F.CrtYd) (width 0.05))
    (fp_line (start 1.48 -0.73) (end 1.48 0.73) (layer F.CrtYd) (width 0.05))
    (fp_line (start 1.48 0.73) (end -1.48 0.73) (layer F.CrtYd) (width 0.05))
    (pad 2 smd roundrect (at 0.825 0 90) (size 0.8 0.95) (layers F.Cu F.Paste F.Mask) (roundrect_rratio 0.25)
      (net 15 +5V))
    (pad 1 smd roundrect (at -0.825 0 90) (size 0.8 0.95) (layers F.Cu F.Paste F.Mask) (roundrect_rratio 0.25)
      (net 16 RESET))
    (model ${KISYS3DMOD}/Resistor_SMD.3dshapes/R_0603_1608Metric.wrl
      (at (xyz 0 0 0))
      (scale (xyz 1 1 1))
      (rotate (xyz 0 0 0))
    )
  )

  (module Resistor_SMD:R_0603_1608Metric (layer F.Cu) (tedit 5F68FEEE) (tstamp 6100D686)
    (at 153.1752 110.5916)
    (descr "Resistor SMD 0603 (1608 Metric), square (rectangular) end terminal, IPC_7351 nominal, (Body size source: IPC-SM-782 page 72, https://www.pcb-3d.com/wordpress/wp-content/uploads/ipc-sm-782a_amendment_1_and_2.pdf), generated with kicad-footprint-generator")
    (tags resistor)
    (path /612AF8FC)
    (attr smd)
    (fp_text reference R3 (at 0 -1.43) (layer F.SilkS)
      (effects (font (size 1 1) (thickness 0.15)))
    )
    (fp_text value 10k (at 0 1.43) (layer F.Fab)
      (effects (font (size 1 1) (thickness 0.15)))
    )
    (fp_text user %R (at 0 0) (layer F.Fab)
      (effects (font (size 0.4 0.4) (thickness 0.06)))
    )
    (fp_line (start -0.8 0.4125) (end -0.8 -0.4125) (layer F.Fab) (width 0.1))
    (fp_line (start -0.8 -0.4125) (end 0.8 -0.4125) (layer F.Fab) (width 0.1))
    (fp_line (start 0.8 -0.4125) (end 0.8 0.4125) (layer F.Fab) (width 0.1))
    (fp_line (start 0.8 0.4125) (end -0.8 0.4125) (layer F.Fab) (width 0.1))
    (fp_line (start -0.237258 -0.5225) (end 0.237258 -0.5225) (layer F.SilkS) (width 0.12))
    (fp_line (start -0.237258 0.5225) (end 0.237258 0.5225) (layer F.SilkS) (width 0.12))
    (fp_line (start -1.48 0.73) (end -1.48 -0.73) (layer F.CrtYd) (width 0.05))
    (fp_line (start -1.48 -0.73) (end 1.48 -0.73) (layer F.CrtYd) (width 0.05))
    (fp_line (start 1.48 -0.73) (end 1.48 0.73) (layer F.CrtYd) (width 0.05))
    (fp_line (start 1.48 0.73) (end -1.48 0.73) (layer F.CrtYd) (width 0.05))
    (pad 2 smd roundrect (at 0.825 0) (size 0.8 0.95) (layers F.Cu F.Paste F.Mask) (roundrect_rratio 0.25)
      (net 31 "Net-(R3-Pad2)"))
    (pad 1 smd roundrect (at -0.825 0) (size 0.8 0.95) (layers F.Cu F.Paste F.Mask) (roundrect_rratio 0.25)
      (net 1 GND))
    (model ${KISYS3DMOD}/Resistor_SMD.3dshapes/R_0603_1608Metric.wrl
      (at (xyz 0 0 0))
      (scale (xyz 1 1 1))
      (rotate (xyz 0 0 0))
    )
  )

  (module Resistor_SMD:R_0603_1608Metric (layer F.Cu) (tedit 5F68FEEE) (tstamp 60FF911F)
    (at 147.1808 92.3544)
    (descr "Resistor SMD 0603 (1608 Metric), square (rectangular) end terminal, IPC_7351 nominal, (Body size source: IPC-SM-782 page 72, https://www.pcb-3d.com/wordpress/wp-content/uploads/ipc-sm-782a_amendment_1_and_2.pdf), generated with kicad-footprint-generator")
    (tags resistor)
    (path /6101E2C5)
    (attr smd)
    (fp_text reference R2 (at 0 -1.43) (layer F.SilkS)
      (effects (font (size 1 1) (thickness 0.15)))
    )
    (fp_text value 5.1k (at 0 1.43) (layer F.Fab)
      (effects (font (size 1 1) (thickness 0.15)))
    )
    (fp_text user %R (at 0 0) (layer F.Fab)
      (effects (font (size 0.4 0.4) (thickness 0.06)))
    )
    (fp_line (start -0.8 0.4125) (end -0.8 -0.4125) (layer F.Fab) (width 0.1))
    (fp_line (start -0.8 -0.4125) (end 0.8 -0.4125) (layer F.Fab) (width 0.1))
    (fp_line (start 0.8 -0.4125) (end 0.8 0.4125) (layer F.Fab) (width 0.1))
    (fp_line (start 0.8 0.4125) (end -0.8 0.4125) (layer F.Fab) (width 0.1))
    (fp_line (start -0.237258 -0.5225) (end 0.237258 -0.5225) (layer F.SilkS) (width 0.12))
    (fp_line (start -0.237258 0.5225) (end 0.237258 0.5225) (layer F.SilkS) (width 0.12))
    (fp_line (start -1.48 0.73) (end -1.48 -0.73) (layer F.CrtYd) (width 0.05))
    (fp_line (start -1.48 -0.73) (end 1.48 -0.73) (layer F.CrtYd) (width 0.05))
    (fp_line (start 1.48 -0.73) (end 1.48 0.73) (layer F.CrtYd) (width 0.05))
    (fp_line (start 1.48 0.73) (end -1.48 0.73) (layer F.CrtYd) (width 0.05))
    (pad 2 smd roundrect (at 0.825 0) (size 0.8 0.95) (layers F.Cu F.Paste F.Mask) (roundrect_rratio 0.25)
      (net 30 "Net-(J3-PadB5)"))
    (pad 1 smd roundrect (at -0.825 0) (size 0.8 0.95) (layers F.Cu F.Paste F.Mask) (roundrect_rratio 0.25)
      (net 15 +5V))
    (model ${KISYS3DMOD}/Resistor_SMD.3dshapes/R_0603_1608Metric.wrl
      (at (xyz 0 0 0))
      (scale (xyz 1 1 1))
      (rotate (xyz 0 0 0))
    )
  )

  (module Resistor_SMD:R_0603_1608Metric (layer F.Cu) (tedit 5F68FEEE) (tstamp 60FF910E)
    (at 153.3652 92.3544 180)
    (descr "Resistor SMD 0603 (1608 Metric), square (rectangular) end terminal, IPC_7351 nominal, (Body size source: IPC-SM-782 page 72, https://www.pcb-3d.com/wordpress/wp-content/uploads/ipc-sm-782a_amendment_1_and_2.pdf), generated with kicad-footprint-generator")
    (tags resistor)
    (path /610C38B8)
    (attr smd)
    (fp_text reference R1 (at 0 -1.43) (layer F.SilkS)
      (effects (font (size 1 1) (thickness 0.15)))
    )
    (fp_text value 5.1k (at 0 1.43) (layer F.Fab)
      (effects (font (size 1 1) (thickness 0.15)))
    )
    (fp_text user %R (at 0 0) (layer F.Fab)
      (effects (font (size 0.4 0.4) (thickness 0.06)))
    )
    (fp_line (start -0.8 0.4125) (end -0.8 -0.4125) (layer F.Fab) (width 0.1))
    (fp_line (start -0.8 -0.4125) (end 0.8 -0.4125) (layer F.Fab) (width 0.1))
    (fp_line (start 0.8 -0.4125) (end 0.8 0.4125) (layer F.Fab) (width 0.1))
    (fp_line (start 0.8 0.4125) (end -0.8 0.4125) (layer F.Fab) (width 0.1))
    (fp_line (start -0.237258 -0.5225) (end 0.237258 -0.5225) (layer F.SilkS) (width 0.12))
    (fp_line (start -0.237258 0.5225) (end 0.237258 0.5225) (layer F.SilkS) (width 0.12))
    (fp_line (start -1.48 0.73) (end -1.48 -0.73) (layer F.CrtYd) (width 0.05))
    (fp_line (start -1.48 -0.73) (end 1.48 -0.73) (layer F.CrtYd) (width 0.05))
    (fp_line (start 1.48 -0.73) (end 1.48 0.73) (layer F.CrtYd) (width 0.05))
    (fp_line (start 1.48 0.73) (end -1.48 0.73) (layer F.CrtYd) (width 0.05))
    (pad 2 smd roundrect (at 0.825 0 180) (size 0.8 0.95) (layers F.Cu F.Paste F.Mask) (roundrect_rratio 0.25)
      (net 26 "Net-(J3-PadA5)"))
    (pad 1 smd roundrect (at -0.825 0 180) (size 0.8 0.95) (layers F.Cu F.Paste F.Mask) (roundrect_rratio 0.25)
      (net 15 +5V))
    (model ${KISYS3DMOD}/Resistor_SMD.3dshapes/R_0603_1608Metric.wrl
      (at (xyz 0 0 0))
      (scale (xyz 1 1 1))
      (rotate (xyz 0 0 0))
    )
  )

  (module Capacitor_SMD:C_0603_1608Metric (layer F.Cu) (tedit 5F68FEEE) (tstamp 60FFDE72)
    (at 146.6342 94.4626 270)
    (descr "Capacitor SMD 0603 (1608 Metric), square (rectangular) end terminal, IPC_7351 nominal, (Body size source: IPC-SM-782 page 76, https://www.pcb-3d.com/wordpress/wp-content/uploads/ipc-sm-782a_amendment_1_and_2.pdf), generated with kicad-footprint-generator")
    (tags capacitor)
    (path /6118D688)
    (attr smd)
    (fp_text reference C8 (at 0 -1.43 90) (layer F.SilkS)
      (effects (font (size 1 1) (thickness 0.15)))
    )
    (fp_text value 4.7u (at 0 1.43 90) (layer F.Fab)
      (effects (font (size 1 1) (thickness 0.15)))
    )
    (fp_text user %R (at 0 0 90) (layer F.Fab)
      (effects (font (size 0.4 0.4) (thickness 0.06)))
    )
    (fp_line (start -0.8 0.4) (end -0.8 -0.4) (layer F.Fab) (width 0.1))
    (fp_line (start -0.8 -0.4) (end 0.8 -0.4) (layer F.Fab) (width 0.1))
    (fp_line (start 0.8 -0.4) (end 0.8 0.4) (layer F.Fab) (width 0.1))
    (fp_line (start 0.8 0.4) (end -0.8 0.4) (layer F.Fab) (width 0.1))
    (fp_line (start -0.14058 -0.51) (end 0.14058 -0.51) (layer F.SilkS) (width 0.12))
    (fp_line (start -0.14058 0.51) (end 0.14058 0.51) (layer F.SilkS) (width 0.12))
    (fp_line (start -1.48 0.73) (end -1.48 -0.73) (layer F.CrtYd) (width 0.05))
    (fp_line (start -1.48 -0.73) (end 1.48 -0.73) (layer F.CrtYd) (width 0.05))
    (fp_line (start 1.48 -0.73) (end 1.48 0.73) (layer F.CrtYd) (width 0.05))
    (fp_line (start 1.48 0.73) (end -1.48 0.73) (layer F.CrtYd) (width 0.05))
    (pad 2 smd roundrect (at 0.775 0 270) (size 0.9 0.95) (layers F.Cu F.Paste F.Mask) (roundrect_rratio 0.25)
      (net 4 "Net-(C8-Pad2)"))
    (pad 1 smd roundrect (at -0.775 0 270) (size 0.9 0.95) (layers F.Cu F.Paste F.Mask) (roundrect_rratio 0.25)
      (net 15 +5V))
    (model ${KISYS3DMOD}/Capacitor_SMD.3dshapes/C_0603_1608Metric.wrl
      (at (xyz 0 0 0))
      (scale (xyz 1 1 1))
      (rotate (xyz 0 0 0))
    )
  )

  (module Capacitor_SMD:C_0603_1608Metric (layer F.Cu) (tedit 5F68FEEE) (tstamp 60FF9084)
    (at 145.2626 94.4626 270)
    (descr "Capacitor SMD 0603 (1608 Metric), square (rectangular) end terminal, IPC_7351 nominal, (Body size source: IPC-SM-782 page 76, https://www.pcb-3d.com/wordpress/wp-content/uploads/ipc-sm-782a_amendment_1_and_2.pdf), generated with kicad-footprint-generator")
    (tags capacitor)
    (path /6118BA54)
    (attr smd)
    (fp_text reference C4 (at 0 -1.43 90) (layer F.SilkS)
      (effects (font (size 1 1) (thickness 0.15)))
    )
    (fp_text value 0.1u (at 0 1.43 90) (layer F.Fab)
      (effects (font (size 1 1) (thickness 0.15)))
    )
    (fp_text user %R (at 0 0 90) (layer F.Fab)
      (effects (font (size 0.4 0.4) (thickness 0.06)))
    )
    (fp_line (start -0.8 0.4) (end -0.8 -0.4) (layer F.Fab) (width 0.1))
    (fp_line (start -0.8 -0.4) (end 0.8 -0.4) (layer F.Fab) (width 0.1))
    (fp_line (start 0.8 -0.4) (end 0.8 0.4) (layer F.Fab) (width 0.1))
    (fp_line (start 0.8 0.4) (end -0.8 0.4) (layer F.Fab) (width 0.1))
    (fp_line (start -0.14058 -0.51) (end 0.14058 -0.51) (layer F.SilkS) (width 0.12))
    (fp_line (start -0.14058 0.51) (end 0.14058 0.51) (layer F.SilkS) (width 0.12))
    (fp_line (start -1.48 0.73) (end -1.48 -0.73) (layer F.CrtYd) (width 0.05))
    (fp_line (start -1.48 -0.73) (end 1.48 -0.73) (layer F.CrtYd) (width 0.05))
    (fp_line (start 1.48 -0.73) (end 1.48 0.73) (layer F.CrtYd) (width 0.05))
    (fp_line (start 1.48 0.73) (end -1.48 0.73) (layer F.CrtYd) (width 0.05))
    (pad 2 smd roundrect (at 0.775 0 270) (size 0.9 0.95) (layers F.Cu F.Paste F.Mask) (roundrect_rratio 0.25)
      (net 3 "Net-(C4-Pad2)"))
    (pad 1 smd roundrect (at -0.775 0 270) (size 0.9 0.95) (layers F.Cu F.Paste F.Mask) (roundrect_rratio 0.25)
      (net 15 +5V))
    (model ${KISYS3DMOD}/Capacitor_SMD.3dshapes/C_0603_1608Metric.wrl
      (at (xyz 0 0 0))
      (scale (xyz 1 1 1))
      (rotate (xyz 0 0 0))
    )
  )

  (module Capacitor_SMD:C_0603_1608Metric (layer F.Cu) (tedit 5F68FEEE) (tstamp 60FF9073)
    (at 148.0058 94.4626 90)
    (descr "Capacitor SMD 0603 (1608 Metric), square (rectangular) end terminal, IPC_7351 nominal, (Body size source: IPC-SM-782 page 76, https://www.pcb-3d.com/wordpress/wp-content/uploads/ipc-sm-782a_amendment_1_and_2.pdf), generated with kicad-footprint-generator")
    (tags capacitor)
    (path /6110660A)
    (attr smd)
    (fp_text reference C1 (at 0 -1.43 90) (layer F.SilkS)
      (effects (font (size 1 1) (thickness 0.15)))
    )
    (fp_text value 1u (at 0 1.43 90) (layer F.Fab)
      (effects (font (size 1 1) (thickness 0.15)))
    )
    (fp_text user %R (at 0 0 90) (layer F.Fab)
      (effects (font (size 0.4 0.4) (thickness 0.06)))
    )
    (fp_line (start -0.8 0.4) (end -0.8 -0.4) (layer F.Fab) (width 0.1))
    (fp_line (start -0.8 -0.4) (end 0.8 -0.4) (layer F.Fab) (width 0.1))
    (fp_line (start 0.8 -0.4) (end 0.8 0.4) (layer F.Fab) (width 0.1))
    (fp_line (start 0.8 0.4) (end -0.8 0.4) (layer F.Fab) (width 0.1))
    (fp_line (start -0.14058 -0.51) (end 0.14058 -0.51) (layer F.SilkS) (width 0.12))
    (fp_line (start -0.14058 0.51) (end 0.14058 0.51) (layer F.SilkS) (width 0.12))
    (fp_line (start -1.48 0.73) (end -1.48 -0.73) (layer F.CrtYd) (width 0.05))
    (fp_line (start -1.48 -0.73) (end 1.48 -0.73) (layer F.CrtYd) (width 0.05))
    (fp_line (start 1.48 -0.73) (end 1.48 0.73) (layer F.CrtYd) (width 0.05))
    (fp_line (start 1.48 0.73) (end -1.48 0.73) (layer F.CrtYd) (width 0.05))
    (pad 2 smd roundrect (at 0.775 0 90) (size 0.9 0.95) (layers F.Cu F.Paste F.Mask) (roundrect_rratio 0.25)
      (net 1 GND))
    (pad 1 smd roundrect (at -0.775 0 90) (size 0.9 0.95) (layers F.Cu F.Paste F.Mask) (roundrect_rratio 0.25)
      (net 2 "Net-(C1-Pad1)"))
    (model ${KISYS3DMOD}/Capacitor_SMD.3dshapes/C_0603_1608Metric.wrl
      (at (xyz 0 0 0))
      (scale (xyz 1 1 1))
      (rotate (xyz 0 0 0))
    )
  )

  (module kiboard:USB-C_16P_Midmount (layer F.Cu) (tedit 60FE23CC) (tstamp 6100D6E0)
    (at 150 83.49 180)
    (path /60FE76D4)
    (fp_text reference J3 (at 0 3) (layer F.SilkS) hide
      (effects (font (size 1 1) (thickness 0.15)))
    )
    (fp_text value USB_C_Receptacle_USB2.0 (at 0 1.2) (layer F.Fab)
      (effects (font (size 1 1) (thickness 0.15)))
    )
    (fp_arc (start -4.07 -6.5) (end -4.47 -6.5) (angle 151.6069806) (layer Dwgs.User) (width 0.12))
    (fp_arc (start 4.07 -6.5) (end 4.47 -6.5) (angle -151.6069806) (layer Dwgs.User) (width 0.12))
    (fp_line (start -6.1 0) (end 6 0) (layer Dwgs.User) (width 0.12))
    (fp_line (start 4.47 0) (end 4.47 -6.5) (layer Dwgs.User) (width 0.12))
    (fp_line (start -4.47 0) (end -4.47 -6.5) (layer Dwgs.User) (width 0.12))
    (fp_line (start -3.6 -6.5) (end 3.6 -6.5) (layer Dwgs.User) (width 0.12))
    (fp_line (start -3.718117 -6.690207) (end -3.6 -6.5) (layer Dwgs.User) (width 0.12))
    (fp_line (start 3.6 -6.5) (end 3.718117 -6.690207) (layer Dwgs.User) (width 0.12))
    (pad S1 thru_hole oval (at 5.6 -2.1 180) (size 1 1.9) (drill oval 0.6 1.5) (layers *.Cu *.Mask)
      (net 1 GND))
    (pad S1 thru_hole oval (at -5.6 -2.1) (size 1 1.9) (drill oval 0.6 1.5) (layers *.Cu *.Mask)
      (net 1 GND))
    (pad S1 thru_hole oval (at 5.6 -6.1 180) (size 1 1.6) (drill oval 0.6 1.2) (layers *.Cu *.Mask)
      (net 1 GND))
    (pad S1 thru_hole oval (at -5.6 -6.1 180) (size 1 1.6) (drill oval 0.6 1.2) (layers *.Cu *.Mask)
      (net 1 GND))
    (pad A12 smd rect (at 3.2 -7.2 180) (size 0.6 1.15) (layers F.Cu F.Paste F.Mask)
      (net 1 GND))
    (pad A9 smd rect (at 2.4 -7.2 180) (size 0.6 1.15) (layers F.Cu F.Paste F.Mask)
      (net 15 +5V))
    (pad B6 smd rect (at 0.75 -7.2 180) (size 0.3 1.15) (layers F.Cu F.Paste F.Mask)
      (net 28 "Net-(J3-PadA6)"))
    (pad B5 smd rect (at 1.75 -7.2 180) (size 0.3 1.15) (layers F.Cu F.Paste F.Mask)
      (net 30 "Net-(J3-PadB5)"))
    (pad A7 smd rect (at 0.25 -7.2 180) (size 0.3 1.15) (layers F.Cu F.Paste F.Mask)
      (net 27 "Net-(J3-PadA7)"))
    (pad A8 smd rect (at 1.25 -7.2 180) (size 0.3 1.15) (layers F.Cu F.Paste F.Mask)
      (net 29 "Net-(J3-PadA8)"))
    (pad A4 smd rect (at -2.4 -7.2 180) (size 0.6 1.15) (layers F.Cu F.Paste F.Mask)
      (net 15 +5V))
    (pad A6 smd rect (at -0.25 -7.2 180) (size 0.3 1.15) (layers F.Cu F.Paste F.Mask)
      (net 28 "Net-(J3-PadA6)"))
    (pad A5 smd rect (at -1.25 -7.2 180) (size 0.3 1.15) (layers F.Cu F.Paste F.Mask)
      (net 26 "Net-(J3-PadA5)"))
    (pad B7 smd rect (at -0.75 -7.2 180) (size 0.3 1.15) (layers F.Cu F.Paste F.Mask)
      (net 46 "Net-(J3-PadB7)"))
    (pad B8 smd rect (at -1.75 -7.2 180) (size 0.3 1.15) (layers F.Cu F.Paste F.Mask)
      (net 25 "Net-(J3-PadB8)"))
    (pad A1 smd rect (at -3.2 -7.2 180) (size 0.6 1.15) (layers F.Cu F.Paste F.Mask)
      (net 1 GND))
    (pad B12 smd rect (at -3.2 -7.2 180) (size 0.6 1.15) (layers F.Cu F.Paste F.Mask)
      (net 1 GND))
    (pad B9 smd rect (at -2.4 -7.2 180) (size 0.6 1.15) (layers F.Cu F.Paste F.Mask)
      (net 15 +5V))
    (pad B4 smd rect (at 2.4 -7.2 180) (size 0.6 1.15) (layers F.Cu F.Paste F.Mask)
      (net 15 +5V))
    (pad B1 smd rect (at 3.2 -7.2 180) (size 0.6 1.15) (layers F.Cu F.Paste F.Mask)
      (net 1 GND))
  )

  (module Connector_PinSocket_2.54mm:PinSocket_1x12_P2.54mm_Vertical (layer F.Cu) (tedit 60FE1360) (tstamp 60FF90B5)
    (at 142.38 115.24 180)
    (descr "Through hole straight socket strip, 1x12, 2.54mm pitch, single row (from Kicad 4.0.7), script generated")
    (tags "Through hole socket strip THT 1x12 2.54mm single row")
    (path /61060785)
    (fp_text reference J1 (at 0 -2.77 180) (layer F.SilkS) hide
      (effects (font (size 1 1) (thickness 0.15)))
    )
    (fp_text value Conn_01x12 (at 0 30.71 180) (layer F.Fab)
      (effects (font (size 1 1) (thickness 0.15)))
    )
    (fp_line (start -1.8 29.7) (end -1.8 -1.8) (layer F.CrtYd) (width 0.05))
    (fp_line (start 1.75 29.7) (end -1.8 29.7) (layer F.CrtYd) (width 0.05))
    (fp_line (start 1.75 -1.8) (end 1.75 29.7) (layer F.CrtYd) (width 0.05))
    (fp_line (start -1.8 -1.8) (end 1.75 -1.8) (layer F.CrtYd) (width 0.05))
    (fp_line (start -1.27 29.21) (end -1.27 -1.27) (layer F.Fab) (width 0.1))
    (fp_line (start 1.27 29.21) (end -1.27 29.21) (layer F.Fab) (width 0.1))
    (fp_line (start 1.27 -0.635) (end 1.27 29.21) (layer F.Fab) (width 0.1))
    (fp_line (start 0.635 -1.27) (end 1.27 -0.635) (layer F.Fab) (width 0.1))
    (fp_line (start -1.27 -1.27) (end 0.635 -1.27) (layer F.Fab) (width 0.1))
    (fp_text user %R (at 0 13.97 270) (layer F.Fab)
      (effects (font (size 1 1) (thickness 0.15)))
    )
    (pad 12 thru_hole oval (at 0 27.94 180) (size 1.7 1.7) (drill 1) (layers *.Cu *.Mask)
      (net 5 D3))
    (pad 11 thru_hole oval (at 0 25.4 180) (size 1.7 1.7) (drill 1) (layers *.Cu *.Mask)
      (net 6 D2))
    (pad 10 thru_hole oval (at 0 22.86 180) (size 1.7 1.7) (drill 1) (layers *.Cu *.Mask)
      (net 1 GND))
    (pad 9 thru_hole oval (at 0 20.32 180) (size 1.7 1.7) (drill 1) (layers *.Cu *.Mask)
      (net 1 GND))
    (pad 8 thru_hole oval (at 0 17.78 180) (size 1.7 1.7) (drill 1) (layers *.Cu *.Mask)
      (net 7 D1))
    (pad 7 thru_hole oval (at 0 15.24 180) (size 1.7 1.7) (drill 1) (layers *.Cu *.Mask)
      (net 8 D0))
    (pad 6 thru_hole oval (at 0 12.7 180) (size 1.7 1.7) (drill 1) (layers *.Cu *.Mask)
      (net 9 D4))
    (pad 5 thru_hole oval (at 0 10.16 180) (size 1.7 1.7) (drill 1) (layers *.Cu *.Mask)
      (net 10 C6))
    (pad 4 thru_hole oval (at 0 7.62 180) (size 1.7 1.7) (drill 1) (layers *.Cu *.Mask)
      (net 11 D7))
    (pad 3 thru_hole oval (at 0 5.08 180) (size 1.7 1.7) (drill 1) (layers *.Cu *.Mask)
      (net 12 E6))
    (pad 2 thru_hole oval (at 0 2.54 180) (size 1.7 1.7) (drill 1) (layers *.Cu *.Mask)
      (net 13 B4))
    (pad 1 thru_hole circle (at 0 0 180) (size 1.7 1.7) (drill 1) (layers *.Cu *.Mask)
      (net 14 B5))
    (model ${KISYS3DMOD}/Connector_PinSocket_2.54mm.3dshapes/PinSocket_1x12_P2.54mm_Vertical.wrl
      (at (xyz 0 0 0))
      (scale (xyz 1 1 1))
      (rotate (xyz 0 0 0))
    )
  )

  (module Connector_PinSocket_2.54mm:PinSocket_1x12_P2.54mm_Vertical (layer F.Cu) (tedit 60FE1355) (tstamp 60FF951E)
    (at 157.62 115.24 180)
    (descr "Through hole straight socket strip, 1x12, 2.54mm pitch, single row (from Kicad 4.0.7), script generated")
    (tags "Through hole socket strip THT 1x12 2.54mm single row")
    (path /612A9BF0)
    (fp_text reference J2 (at 0 -2.77 180) (layer F.SilkS) hide
      (effects (font (size 1 1) (thickness 0.15)))
    )
    (fp_text value Conn_01x12 (at 0 30.71 180) (layer F.Fab)
      (effects (font (size 1 1) (thickness 0.15)))
    )
    (fp_line (start -1.8 29.7) (end -1.8 -1.8) (layer F.CrtYd) (width 0.05))
    (fp_line (start 1.75 29.7) (end -1.8 29.7) (layer F.CrtYd) (width 0.05))
    (fp_line (start 1.75 -1.8) (end 1.75 29.7) (layer F.CrtYd) (width 0.05))
    (fp_line (start -1.8 -1.8) (end 1.75 -1.8) (layer F.CrtYd) (width 0.05))
    (fp_line (start -1.27 29.21) (end -1.27 -1.27) (layer F.Fab) (width 0.1))
    (fp_line (start 1.27 29.21) (end -1.27 29.21) (layer F.Fab) (width 0.1))
    (fp_line (start 1.27 -0.635) (end 1.27 29.21) (layer F.Fab) (width 0.1))
    (fp_line (start 0.635 -1.27) (end 1.27 -0.635) (layer F.Fab) (width 0.1))
    (fp_line (start -1.27 -1.27) (end 0.635 -1.27) (layer F.Fab) (width 0.1))
    (fp_text user %R (at 0 13.97 270) (layer F.Fab)
      (effects (font (size 1 1) (thickness 0.15)))
    )
    (pad 12 thru_hole oval (at 0 27.94 180) (size 1.7 1.7) (drill 1) (layers *.Cu *.Mask)
      (net 15 +5V))
    (pad 11 thru_hole oval (at 0 25.4 180) (size 1.7 1.7) (drill 1) (layers *.Cu *.Mask)
      (net 1 GND))
    (pad 10 thru_hole oval (at 0 22.86 180) (size 1.7 1.7) (drill 1) (layers *.Cu *.Mask)
      (net 16 RESET))
    (pad 9 thru_hole oval (at 0 20.32 180) (size 1.7 1.7) (drill 1) (layers *.Cu *.Mask)
      (net 15 +5V))
    (pad 8 thru_hole oval (at 0 17.78 180) (size 1.7 1.7) (drill 1) (layers *.Cu *.Mask)
      (net 17 F4))
    (pad 7 thru_hole oval (at 0 15.24 180) (size 1.7 1.7) (drill 1) (layers *.Cu *.Mask)
      (net 18 F5))
    (pad 6 thru_hole oval (at 0 12.7 180) (size 1.7 1.7) (drill 1) (layers *.Cu *.Mask)
      (net 19 F6))
    (pad 5 thru_hole oval (at 0 10.16 180) (size 1.7 1.7) (drill 1) (layers *.Cu *.Mask)
      (net 20 F7))
    (pad 4 thru_hole oval (at 0 7.62 180) (size 1.7 1.7) (drill 1) (layers *.Cu *.Mask)
      (net 21 B1))
    (pad 3 thru_hole oval (at 0 5.08 180) (size 1.7 1.7) (drill 1) (layers *.Cu *.Mask)
      (net 22 B3))
    (pad 2 thru_hole oval (at 0 2.54 180) (size 1.7 1.7) (drill 1) (layers *.Cu *.Mask)
      (net 23 B2))
